1203220 (0.153853, -0.999554)
1085660 (-0.478731, 1.067578)
431960 (1.059071, -0.827200)
2074920 (1.095850, -0.984439)
1172470 (0.336143, -1.531950)
578080 (1.319056, -1.253736)
1063730 (1.945467, -0.194353)
1449850 (-1.692980, -1.095792)
730 (1.535556, -1.355629)
976730 (2.239224, -0.006353)
1468810 (2.312143, -0.333315)
1100600 (2.363910, 0.485111)
10 (2.137079, -1.165417)
1599340 (2.709701, 0.742744)
1097150 (1.684281, -2.369987)
570 (2.236909, -2.019790)
1240440 (-2.550534, 1.694327)
2139460 (3.072133, -0.133765)
433850 (2.653205, -1.816654)
304390 (1.226083, -2.993496)
1046930 (3.065377, -1.111642)
2923300 (2.879859, 1.725031)
1446780 (2.382737, -2.382455)
218620 (3.257852, -1.775116)
1568590 (2.606512, -2.909925)
582010 (3.087098, -2.600792)
440 (2.625456, -3.305315)
271590 (3.403661, -2.576740)
1623730 (4.451560, -0.235848)
779340 (3.522308, -2.743902)
2881650 (0.065755, 4.479111)
2358720 (-4.302963, 1.327386)
553850 (4.032567, -2.415739)
359550 (3.276288, -3.377491)
230410 (3.264739, -3.535849)
261550 (4.726456, -1.667722)
2183900 (4.718652, -1.868736)
413150 (5.556494, -1.030976)
231430 (4.568977, -3.465737)
526870 (5.687032, -1.242519)
346110 (5.584399, -1.857137)
1422450 (5.968077, 0.254554)
945360 (3.462982, -4.924524)
2073850 (4.993432, -3.453421)
899770 (5.179694, -3.289968)
1938090 (4.934666, -3.652430)
2429640 (-2.329159, 5.716297)
1604030 (5.672824, -2.440143)
550 (4.300623, -4.674131)
238960 (5.673542, -3.107053)
1966720 (6.460139, -1.089110)
105600 (5.807627, -3.192463)
1142710 (5.839495, -3.488636)
892970 (6.667280, -2.033178)
252490 (4.189511, -5.682340)
1818750 (-5.833829, 4.272020)
1245620 (6.005193, -4.132949)
377160 (7.193913, -1.217003)
72850 (6.516067, -3.596269)
1091500 (6.444506, -4.451405)
1888160 (4.494360, -6.552850)
1203620 (7.246249, -3.825534)
289070 (7.323396, -3.911227)
275850 (7.758682, -3.236726)
990080 (7.400535, -4.206379)
1086940 (8.463199, -1.738464)
2050650 (7.552667, -5.160264)
1716740 (9.661248, -3.678765)
534380 (9.861279, -4.936800)
1326470 (9.048759, -7.382026)
1363080 (12.101173, -6.095851)
2076040 (12.955866, -6.290708)
2054970 (13.438059, -7.573287)
638070 (6.333704, -37.341384)
1515950 (-20.827113, 33.540180)
1638720 (-14.269845, -38.887782)
2075730 (34.072003, -26.096067)
510840 (12.285140, 44.230033)
395170 (14.068557, 44.101533)
96000 (15.621954, 44.240767)
285800 (-45.409264, 12.586496)
343710 (4.068297, -51.238117)
370910 (25.173925, 52.537119)
308600 (7.185792, 57.943185)
402390 (-48.581145, -44.547443)
1584640 (66.698487, -4.014594)
232770 (-18.194506, -82.494352)
1755910 (-47.387838, -72.892583)
