550 (0.002523, 0.011338)
433850 (0.013634, 0.025781)
218620 (0.024855, -0.017841)
2923300 (0.029390, 0.022867)
491950 (-0.008952, -0.042260)
1888160 (-0.039100, 0.029174)
440 (0.046783, -0.023778)
230410 (-0.030453, -0.043783)
2050650 (-0.054219, -0.018327)
1091500 (-0.042780, -0.055193)
2074920 (-0.061804, -0.039442)
1245620 (-0.047677, -0.057102)
105600 (-0.032011, -0.068493)
1623730 (-0.080956, -0.026656)
278360 (0.004880, -0.092625)
2054970 (-0.033561, -0.093664)
275850 (0.001505, -0.100553)
2073850 (0.051661, -0.088014)
899770 (-0.046161, -0.095238)
377160 (0.043783, -0.100617)
1097150 (0.088953, -0.064554)
1422450 (0.088953, -0.064554)
1599340 (0.051457, -0.104608)
1142710 (-0.020618, -0.117271)
1085660 (0.116527, -0.029927)
238960 (-0.012601, -0.121194)
1046930 (-0.106516, -0.059589)
346110 (-0.095685, -0.078069)
1449850 (-0.119413, 0.031953)
2139460 (-0.104823, -0.065714)
304390 (0.079683, -0.095899)
232770 (0.057356, -0.112197)
553850 (0.112252, -0.070022)
1716740 (0.078524, -0.110824)
359550 (0.083727, -0.107665)
1604030 (0.039633, -0.134050)
261550 (-0.121098, -0.071915)
243750 (0.041744, -0.138796)
526870 (0.041744, -0.138796)
1086940 (0.102714, -0.103254)
252490 (-0.020706, -0.145968)
2183900 (0.106545, -0.108894)
863550 (-0.108979, -0.106923)
2429640 (0.053002, -0.146185)
1100600 (-0.064962, -0.142908)
1938090 (0.131472, -0.085942)
534380 (-0.103196, -0.122133)
2881650 (0.054998, -0.151469)
1363080 (-0.037174, -0.159265)
1203620 (0.009055, -0.164494)
1966720 (0.149263, -0.071705)
271590 (-0.136094, -0.099275)
1326470 (0.011954, -0.169975)
72850 (-0.000774, -0.171710)
231430 (-0.124770, -0.119763)
289070 (-0.124770, -0.119763)
1063730 (0.079719, -0.154291)
990080 (-0.019930, -0.172934)
730 (-0.149583, -0.089991)
552990 (-0.174566, 0.004738)
218 (0.035885, -0.174993)
10 (-0.075993, -0.165521)
413150 (-0.189857, -0.002849)
570 (-0.117229, -0.149882)
431960 (-0.186832, 0.048643)
1172470 (-0.191523, -0.047038)
892970 (0.064356, -0.186788)
1446780 (-0.197860, 0.005552)
532210 (0.076028, -0.189711)
779340 (-0.206296, 0.035912)
622590 (-0.193417, 0.084351)
308600 (-0.220517, 0.009980)
945360 (0.174866, -0.145908)
582010 (-0.231582, 0.013725)
1818750 (0.234474, -0.039825)
976730 (0.254401, 0.031210)
1468810 (-0.265415, 0.093626)
1240440 (0.318079, 0.056394)
2358720 (-0.320530, 0.080463)
578080 (-0.344994, -0.028832)
1203220 (-0.422918, 0.087509)
1568590 (-0.436831, -0.265556)
